incompl = 15%

n = 4
33.75258 6385.81168 17.64357 23.67091 40.38996 40.14293 40.41589 23.13361 46.18391 23.13361 46.18391 110232.6368 778.67052 2206.0758 1.749335 217.34571
33.35396 2950.37703 18.05916 24.94426 42.76567 41.97451 42.85666 23.82483 46.95016 23.82483 46.95016 46690.9204 420.31456 1394.4412 3.321492 97.23763
33.21578 997.17710 17.95725 26.28353 44.24640 42.60786 44.44358 24.68745 47.16762 24.68745 47.16762 17401.7194 254.15933 887.6525 5.193840 361.78320
33.18078 526.04790 16.61111 25.84282 43.45671 40.47521 43.85074 23.79967 46.68913 23.79967 46.68913 26639.1193 196.38780 553.8539 7.208666 57.84986
33.61615 448.71703 16.22528 24.49433 42.11938 38.48229 42.61561 21.96687 45.22440 21.96687 45.22440 5998.6167 156.63174 548.6646 7.903192 142.36585
33.21234 297.37188 16.00081 25.27483 43.24349 38.60061 43.98978 22.36339 45.71441 22.36339 45.71441 4354.3214 112.69379 384.2054 9.939765 2294.95250
33.35962 233.34574 15.90965 26.24668 43.62114 38.35792 44.48392 23.24902 46.33084 23.24902 46.33084 5396.3676 120.45200 406.6288 10.995036 1481.94881
33.17607 386.82949 15.75868 26.14207 43.62619 38.08739 44.66999 23.12282 45.70795 23.12282 45.70795 5229.2124 112.17592 393.2699 11.711529 62.61144
33.32473 238.92758 14.63055 24.55080 41.98126 35.74781 43.12676 20.97803 44.61256 20.97803 44.61256 2282.3966 89.70915 293.0312 12.103300 194915.57807
33.24748 97.06179 14.04020 25.51030 41.89011 35.38554 43.30371 21.86069 46.01865 21.86069 46.01865 1585.6665 63.75092 240.6842 14.656023 132.79532
33.47911 194.20880 14.98541 24.97022 43.16610 36.69063 44.62949 21.23855 44.09794 21.23855 44.09794 6859.8905 117.54316 350.3437 14.016129 127.17208
33.55981 98.33855 14.29850 25.77289 42.90667 35.31843 44.77680 21.84536 45.02868 21.84536 45.02868 1340.7705 64.59797 262.6407 16.407966 103.57081
33.02901 98.59676 14.24160 25.92877 43.14456 35.89295 44.98734 21.80793 45.56940 21.80793 45.56940 1535.0318 69.16909 251.1549 16.661936 111.23304
33.06915 112.05475 13.15863 24.13164 40.88748 33.70203 42.79855 19.73322 44.79568 19.73322 44.79568 2849.1032 73.84344 236.3845 15.983661 89.17191
33.41005 61.09218 14.20046 25.14041 44.07673 35.64080 46.38725 20.19392 43.73418 20.19392 43.73418 1120.9130 54.17927 209.3024 17.115670 56.60691
33.74903 86.82565 13.21472 25.01547 42.22424 33.85948 44.54180 20.64544 43.91383 20.64544 43.91383 1374.4257 64.07045 216.7932 18.205610 44486.15061
33.36093 89.24501 11.99817 23.63959 40.38892 32.11010 43.37986 18.59464 44.05069 18.59464 44.05069 807.7016 51.94052 184.1712 20.451821 1252.31226
33.13904 76.38987 12.30624 24.40283 41.39296 33.17446 44.33337 19.46038 44.03282 19.46038 44.03282 1040.1860 61.05547 212.7632 20.358820 38.02143
33.25864 74.03514 12.65573 24.63415 42.05640 33.33644 45.04568 19.01353 44.32826 19.01353 44.32826 1011.9860 50.88660 186.0973 20.561866 65.40715
33.67240 63.67603 12.52407 25.09371 43.24770 34.01672 46.76186 19.40202 43.46352 19.40202 43.46352 988.0871 43.09180 174.5092 22.270675 41.01866
33.68340 75.48260 11.53213 22.94312 39.14208 30.57910 42.50578 17.70307 43.20335 17.70307 43.20335 821.8227 44.77051 181.2697 21.960847 300.99713
33.40887 76.63981 12.36763 23.94717 40.96883 32.83751 44.30621 18.43300 43.96787 18.43300 43.96787 1413.4999 61.58513 216.1936 20.690715 184.58517
33.66622 72.87484 13.26753 25.98719 44.18543 35.43171 47.52085 20.61387 43.99861 20.61387 43.99861 1233.8202 60.61429 216.9713 22.303010 30.93365
33.16986 71.03599 11.34052 22.94018 39.30006 31.10834 42.64378 17.65947 43.55532 17.65947 43.55532 794.0804 45.75813 164.7757 20.922530 352.81054
33.54067 89.08617 12.19701 24.11715 41.29450 32.52159 44.60654 18.86222 43.29239 18.86222 43.29239 1689.1696 64.82747 214.6619 21.331161 349.98530
33.37137 148.63918 11.14590 23.87009 40.46756 32.10731 44.53906 18.41666 43.53946 18.41666 43.53946 6275.7925 80.13022 216.7910 24.265197 76.11609
32.98064 39.05937 11.00808 23.84382 40.88504 32.51309 45.06254 17.78913 43.52842 17.78913 43.52842 542.2308 40.83085 147.3119 25.211319 34.68995
33.47370 108.57737 11.37147 23.61576 40.00241 31.66836 43.74200 17.71430 43.69123 17.71430 43.69123 1248.4401 60.52981 217.5012 24.571988 540.61156
33.77557 78.56858 11.51711 24.58607 41.54178 33.15572 45.99742 19.22787 43.47656 19.22787 43.47656 3552.5035 57.67440 189.0442 26.078863 76.37051
33.59204 54.25868 11.47383 24.88753 43.73794 34.07525 49.14591 17.95188 42.09431 17.95188 42.09431 533.2864 42.68560 149.6121 28.528086 177.76911
33.39430 477.67842 13.78803 24.74761 42.07859 35.32007 44.38229 20.50976 44.59874 20.50976 44.59874 8761.4573 117.15766 383.5600 16.756002 8275.33341


n = 6
19.83081 1854.63742 6.805720 9.894790 17.53392 17.24320 17.55496 9.518171 26.45166 9.518171 26.45166 23640.2355 430.10985 1320.85839 0.752751 21.01589
19.96852 596.86576 5.752163 10.021044 17.24423 16.45412 17.31222 9.355179 26.21488 9.355179 26.21488 6274.7481 209.79988 660.93640 1.487039 32.21106
19.95762 262.34453 5.780920 10.282042 17.88682 16.39374 18.03624 9.321984 26.25596 9.321984 26.25596 3286.2196 131.43327 465.02484 2.120930 25.03668
20.05870 136.43648 5.441023 10.220655 17.93066 15.79092 18.20073 8.969637 26.30009 8.969637 26.30009 1893.8158 91.72695 337.03683 2.768505 23.31500
19.84500 82.13756 4.481149 10.225389 17.51444 15.43685 17.84470 8.820696 26.14392 8.820696 26.14392 1351.5880 62.87334 273.04080 3.285805 23.56954
19.72334 77.96445 4.675930 10.307282 17.79952 15.28896 18.31340 8.669021 26.17292 8.669021 26.17292 921.0437 55.53065 227.71099 3.893821 252.48059
20.00523 58.33013 5.017016 10.628331 18.68382 15.74667 19.33705 8.761553 26.07787 8.761553 26.07787 862.4078 47.95262 213.75353 4.283989 23.60496
19.96650 53.97139 4.458707 9.975688 17.63646 15.13138 18.35117 8.065312 26.12434 8.065312 26.12434 906.7836 46.58528 192.05265 4.518488 21.25199
19.87349 39.47598 3.859861 10.203078 17.47564 15.28177 18.33453 8.144917 26.04456 8.144917 26.04456 525.3228 37.39525 165.28970 5.210737 20.02893
19.97023 30.85483 3.937494 9.987738 17.64330 15.21462 18.64224 7.761065 25.93315 7.761065 25.93315 476.9882 30.95731 156.07436 5.372513 17.03769
19.68425 31.54431 3.913513 10.096484 17.71421 15.87424 18.99834 7.727573 26.15698 7.727573 26.15698 407.5255 31.38684 144.14557 6.052813 28.79514
19.75867 23.01704 3.751046 10.536211 18.31513 16.90952 19.74884 7.997688 26.12100 7.997688 26.12100 384.3815 26.88522 140.70256 6.440466 24.84646
19.86379 32.08189 3.767032 9.823016 17.28713 16.10290 18.74151 7.410994 25.94888 7.410994 25.94888 403.1241 29.40889 136.85145 6.273447 22.63924
19.28127 24.79565 3.224007 10.362776 18.02590 16.32878 19.63206 7.718311 26.20875 7.718311 26.20875 313.2587 25.75294 126.84981 6.915002 1122.50170
20.04031 27.26639 3.616192 10.507983 18.51254 16.24179 20.35058 7.656359 25.90859 7.656359 25.90859 330.7166 27.16577 119.07007 7.316750 34.64332
19.99955 29.02552 3.305614 10.272612 17.95249 16.70960 19.86848 7.494518 25.93387 7.494518 25.93387 357.0504 29.44466 118.55761 7.586007 94.76647
19.87558 20.04049 2.849751 10.084584 17.51337 16.43845 19.46255 7.221349 25.92902 7.221349 25.92902 237.3290 19.13707 101.34416 7.835722 16.49087
19.83530 19.78674 3.149367 9.767613 17.50417 17.07773 19.83337 6.835011 26.05084 6.835011 26.05084 232.7795 18.85436 103.14105 7.859751 20.40776
19.70768 18.51416 2.663715 9.965294 17.50432 16.45419 19.93491 6.951740 25.86213 6.951740 25.86213 231.4254 19.04481 94.64536 8.458845 26.25028
19.74553 19.44338 2.774785 10.082480 17.73515 17.26715 20.31698 7.016881 26.09537 7.016881 26.09537 221.2012 19.88052 93.24157 8.545743 22.00594
19.90504 19.15810 2.873061 10.377864 18.38964 18.06731 21.11716 7.203477 26.00770 7.203477 26.00770 228.7664 19.81499 94.29845 8.565110 17.18956
19.80749 21.99331 2.588426 10.562013 18.45951 17.08883 21.17367 7.280716 26.03575 7.280716 26.03575 216.5029 20.40917 101.21779 9.107547 244.98804
19.83629 23.61001 2.674681 10.352945 18.07872 17.06824 20.91353 7.194131 26.01873 7.194131 26.01873 253.8461 25.58033 106.53471 9.048664 14.65837
19.54026 20.80383 2.550202 10.147348 17.93519 17.92772 21.18878 6.863062 25.98074 6.863062 25.98074 215.8683 20.55465 93.30853 9.415177 382.73384
19.53777 17.36235 2.269171 9.995692 17.81528 18.10562 21.44264 6.514779 25.88611 6.514779 25.88611 163.5069 15.99720 76.76967 10.015454 18.79312
19.56261 18.37274 2.472034 10.327825 18.08108 18.33286 21.47768 6.941614 26.04424 6.941614 26.04424 187.1353 19.38042 90.84607 9.875754 18.04974
19.53214 17.43990 2.216700 10.320592 18.00750 17.43929 21.45518 6.898663 26.02490 6.898663 26.02490 187.6715 18.44435 88.43026 10.243186 21.08215
19.54759 17.87851 2.294849 10.420374 18.43599 19.00230 22.47427 6.715182 26.01481 6.715182 26.01481 167.1846 18.39081 82.42602 10.796014 26.21183
19.69731 16.92729 2.205804 10.212795 17.76418 17.65584 21.30985 6.728397 26.04898 6.728397 26.04898 168.2919 16.43183 83.45363 10.403050 26.21985
19.55976 16.63956 2.316692 10.547054 18.54249 19.31732 22.46922 6.787286 26.03328 6.787286 26.03328 170.5578 18.51299 89.39839 10.850285 14.15241
19.78392 120.95732 3.589554 10.216986 17.89743 16.77973 19.79456 7.684842 26.06767 7.684842 26.06767 1507.2426 52.82807 203.23371 6.843312 88.56595


n = 8
19.18117 1494.33459 4.636769 6.464150 11.61779 11.37577 11.63411 6.200462 26.91799 6.200462 26.91799 17488.3795 423.14253 1257.29391 0.5020696 41.70829
19.07825 355.58742 3.702303 6.423846 11.47722 10.89968 11.53135 5.957862 26.99267 5.957862 26.99267 5086.9369 185.39537 600.20937 0.9331845 29.84877
19.18955 165.02449 4.009844 6.455961 11.59800 10.45478 11.72514 5.772345 26.95617 5.772345 26.95617 2261.7231 112.63675 398.09354 1.4005482 18.02369
19.11476 103.87930 3.354649 6.486915 11.51398 10.52413 11.70671 5.660306 26.89826 5.660306 26.89826 1453.0094 84.08030 308.09535 1.7488215 34.32017
18.96576 60.08005 3.210349 6.565536 11.59962 10.85783 11.88995 5.571383 27.08483 5.571383 27.08483 951.4109 55.79333 244.17405 2.1810641 74.09831
19.00426 50.08803 2.952053 6.401177 11.39043 10.67810 11.75009 5.319872 26.98986 5.319872 26.98986 740.6640 47.03007 208.51740 2.4114127 1909.70573
18.99410 33.87597 2.754902 6.591504 11.75251 11.31212 12.23795 5.344799 27.16348 5.344799 27.16348 591.3665 40.07530 188.40218 2.7988082 17.10031
18.77092 27.84514 2.486390 6.494506 11.58992 11.47341 12.17703 5.184856 27.17234 5.184856 27.17234 499.3578 33.30330 159.52069 3.0268879 20.85302
18.74541 23.05475 2.225645 6.543915 11.64127 11.54359 12.30297 5.117777 27.19741 5.117777 27.19741 412.3150 30.83344 147.65931 3.3237075 16.92259
19.11087 18.16059 2.634503 6.651522 11.98649 12.95874 12.88137 5.107531 27.04730 5.107531 27.04730 367.9024 25.72697 127.69103 3.6514219 38.63840
18.90111 22.15296 2.128234 6.499471 11.73068 11.95490 12.64693 4.896934 27.10786 4.896934 27.10786 338.6041 24.31792 127.80891 3.7796659 246.07096
18.91400 19.18029 2.181317 6.412263 11.53673 12.82596 12.62913 4.787149 27.05970 4.787149 27.05970 300.5130 22.42053 117.68715 3.9765012 22.10830
18.72886 17.52166 2.108637 6.376496 11.56857 13.17850 12.80311 4.678518 27.21768 4.678518 27.21768 262.1261 20.20825 111.56189 4.1661273 20.13665
18.85011 16.64944 2.041746 6.760310 12.12436 13.57872 13.51459 4.924200 27.09511 4.924200 27.09511 254.3057 21.99359 106.56121 4.5995508 12.68624
18.77430 16.49650 1.974024 6.624066 11.97442 13.60710 13.44116 4.738371 27.08591 4.738371 27.08591 260.1560 21.84327 104.53792 4.6396283 23.15921
18.70611 16.60251 1.706805 6.730306 12.09924 13.19415 13.68115 4.743978 27.14854 4.743978 27.14854 222.4103 19.57152 98.57238 4.9651975 16.24750
18.62684 16.24914 1.646683 6.597415 11.79207 13.84830 13.55819 4.628441 27.05184 4.628441 27.05184 199.3516 18.19688 93.14652 5.1497842 254.90288
18.69054 15.57878 1.784041 6.665885 12.09565 14.49274 14.07936 4.588137 27.15638 4.588137 27.15638 197.2062 17.32295 92.05937 5.3128480 10.73144
18.58456 15.11383 1.568965 6.713141 11.95829 13.85825 13.91259 4.660703 27.18318 4.660703 27.18318 182.1427 15.99487 84.39728 5.5301893 228.80764
18.70729 16.77536 1.607755 6.734153 12.15391 14.63740 14.36867 4.571598 27.11014 4.571598 27.11014 173.0471 16.12414 84.52379 5.6488849 25.69220
18.95384 14.39279 1.553568 6.597125 11.84276 14.34370 14.05374 4.451871 27.12108 4.451871 27.12108 169.8009 14.83160 80.46149 5.7200014 12.90416
18.69848 13.51636 1.619880 6.771013 12.04981 15.20961 14.36278 4.622718 27.17449 4.622718 27.17449 156.3280 14.62535 77.24032 5.9577235 10.54429
18.66369 15.67388 1.333824 6.678424 12.11931 14.26112 14.73013 4.399593 27.14138 4.399593 27.14138 146.4179 13.66543 74.28007 6.1041031 1789.03117
18.73311 13.57795 1.476842 6.435836 11.72726 15.23621 14.28954 4.222126 27.06357 4.222126 27.06357 149.3964 14.35180 73.62273 6.0172960 14.17137
18.78084 15.65583 1.309860 6.657653 12.10471 14.85069 14.97747 4.319759 27.10683 4.319759 27.10683 140.8511 13.54058 70.03816 6.4108486 1011.34161
18.61651 14.06228 1.201356 6.605532 12.10758 14.44674 15.11462 4.206457 27.18983 4.206457 27.18983 129.5459 12.06413 66.97838 6.5478614 17.33019
18.66483 14.73430 1.165018 6.897099 12.38146 14.53317 15.45904 4.455709 27.13395 4.455709 27.13395 134.2326 12.90063 69.42156 6.8659589 16.71354
18.56908 14.23344 1.313523 6.625599 12.02322 16.21516 15.31961 4.202989 27.20672 4.202989 27.20672 126.8017 12.53150 61.45612 6.7644367 10.18257
18.56850 14.65439 1.115654 6.432135 11.53581 14.75417 14.74474 4.129580 27.14764 4.129580 27.14764 118.7016 10.82514 62.37815 6.6937812 26.07020
18.53510 15.74091 1.102603 6.535497 11.92799 14.73081 15.24317 4.106046 27.19034 4.106046 27.19034 125.0877 14.27731 65.49132 6.8719526 16.37697
18.81409 88.34976 2.130258 6.580948 11.83403 13.19452 13.42555 4.852402 27.10375 4.852402 27.10375 1121.3364 45.65416 178.72938 4.4566756 199.54761



n = 10
19.47768 1048.79101 3.4399590 4.883158 8.731999 8.564854 8.744217 4.688560 29.45206 4.688560 29.45206 16674.3031 414.91786 1125.30173 0.3750911 14.120612
19.48298 326.47920 3.0442897 4.837538 8.671732 8.273059 8.716562 4.470244 29.54059 4.470244 29.54059 4311.9179 182.92366 580.11785 0.7138051 12.928956
19.44762 148.80643 2.7717258 4.899943 8.813897 8.273265 8.908388 4.388081 29.57278 4.388081 29.57278 2218.6954 118.96729 387.06774 1.0267713 24.141234
19.36684 80.19338 3.0515233 4.971660 9.011424 8.740162 9.174762 4.309351 29.62327 4.309351 29.62327 1351.8850 77.48255 271.09709 1.3295924 208.626873
19.41871 44.23122 2.5265015 4.787542 8.608786 8.514032 8.828283 4.066364 29.52929 4.066364 29.52929 952.4648 57.97088 229.59898 1.5394157 1410.972391
19.39557 35.86686 2.6269630 4.732192 8.523250 9.476486 8.818175 3.910419 29.65268 3.910419 29.65268 711.1688 46.34082 184.17879 1.7908980 30.839958
19.25082 27.89336 2.4220934 4.872135 8.824375 10.200915 9.227329 3.922679 29.68559 3.922679 29.68559 584.8855 40.63755 168.88082 2.0609667 12.291951
19.47195 19.98748 2.1673024 4.854569 8.825426 10.103598 9.322642 3.822846 29.48013 3.822846 29.48013 453.8907 31.92869 143.40185 2.2771804 18.806372
19.17088 21.10484 1.9447869 4.904172 8.869536 10.452656 9.445720 3.804142 29.67715 3.804142 29.67715 411.0620 31.42994 137.07807 2.4908734 69.390940
19.35274 18.56544 1.8146153 5.080600 9.331674 10.919186 10.077116 3.823710 29.63754 3.823710 29.63754 330.5367 24.40376 117.18173 2.7739088 1050.663415
19.26599 15.31210 1.5785347 4.917970 8.833878 10.486520 9.594574 3.695048 29.69917 3.695048 29.69917 290.1686 20.16051 107.89669 2.9012310 32.203228
19.34276 14.30102 1.5786720 4.937483 9.020913 10.815326 9.941616 3.615802 29.58209 3.615802 29.58209 268.4548 20.38012 104.26930 3.0616764 11.063896
19.10637 13.94866 1.6127308 4.974699 9.015381 11.741680 10.023098 3.636590 29.72459 3.636590 29.72459 254.6458 18.41109 98.97611 3.2103828 11.740726
19.15398 13.13146 1.2927110 5.047593 9.105718 10.864412 10.173548 3.613878 29.65996 3.613878 29.65996 225.2080 17.51188 88.16722 3.4704821 16.305129
19.17235 13.16972 1.4575979 5.108348 9.407841 12.269224 10.778708 3.561130 29.65028 3.561130 29.65028 219.4811 17.92157 88.17192 3.6510960 27.405663
18.98404 12.81433 1.2359151 5.057273 9.194334 11.586141 10.580680 3.538886 29.71378 3.538886 29.71378 196.1187 16.33365 83.23849 3.7622481 78.884513
19.15942 13.02207 1.3951671 4.937458 9.018447 12.386943 10.416609 3.434476 29.61257 3.434476 29.61257 190.8876 15.12162 81.54097 3.7323003 10.569981
19.04788 12.76599 1.1251024 4.876129 8.923755 11.306734 10.515031 3.326491 29.58909 3.326491 29.58909 176.0074 13.24020 72.47549 3.9406182 14.172828
19.05710 13.91252 1.3170587 5.040465 9.304522 12.920706 10.997750 3.403172 29.70944 3.403172 29.70944 170.3934 14.45377 74.97456 4.0521669 10.334620
19.13683 13.44070 1.0156449 5.080394 9.242903 11.473135 10.948339 3.425400 29.65046 3.425400 29.65046 169.8544 14.49243 76.25687 4.2374260 10.186754
19.07265 13.05509 1.1205260 5.003231 9.187444 12.941654 11.107451 3.315712 29.65851 3.315712 29.65851 151.4050 13.09183 69.31238 4.3333536 11.480032
19.00750 13.53942 0.9800587 4.895636 8.837160 12.025967 10.706566 3.259207 29.63077 3.259207 29.63077 141.7213 11.22376 62.15360 4.4098907 9.502889
18.96139 14.29402 0.9206364 4.953805 9.002730 12.077268 10.997708 3.235272 29.70439 3.235272 29.70439 134.4234 11.56810 63.33070 4.5558221 9.289975
18.87208 13.25003 0.9496833 5.104275 9.383205 13.168259 11.737830 3.307669 29.74522 3.307669 29.74522 142.9408 13.14421 64.38168 4.7272951 33.245852
18.73350 13.32527 0.8150916 5.003079 9.162805 12.277912 11.554337 3.196861 29.73959 3.196861 29.73959 123.4531 11.08705 59.31338 4.8713281 8.584868
18.84060 13.49671 0.8762393 4.991425 9.207640 13.112232 11.803670 3.162323 29.65561 3.162323 29.65561 130.4058 11.61082 61.06365 4.8798115 25.943507
18.97214 14.49310 0.9096664 5.033203 9.302952 13.120965 11.840966 3.155285 29.68958 3.155285 29.68958 123.7602 11.96086 61.91158 4.9669713 9.130272
18.88070 13.37754 0.8049389 5.034985 9.220069 13.335404 11.968079 3.153406 29.72728 3.153406 29.72728 117.1814 11.05894 57.18805 5.1557749 8.744104
18.92420 14.06347 0.8176373 5.066629 9.258127 13.058537 11.993909 3.183870 29.71287 3.183870 29.71287 113.8409 10.40744 55.94729 5.1961818 12.410672
18.92430 13.52816 0.7877627 5.130032 9.485452 13.363748 12.414001 3.139228 29.65155 3.139228 29.65155 111.2794 10.87370 58.24366 5.3911063 9.251875
19.14839 68.13869 1.6133712 4.967254 9.044246 11.261699 10.378589 3.618870 29.64526 3.618870 29.64526 1048.4147 43.70188 161.09061 3.3628555 107.107803



n = 15
17.59878 686.417154 2.1867884 2.616693 4.772140 4.671940 4.779439 2.504016 28.42696 2.504016 28.42696 13642.75623 369.187298 974.19705 0.2025819 8.717575
17.49861 179.366582 1.8453597 2.615604 4.742948 4.587950 4.768710 2.411572 28.49140 2.411572 28.49140 3687.64546 162.623858 495.18090 0.3874983 8.436871
17.56018 82.735033 1.6498502 2.610173 4.708610 4.735376 4.761395 2.328146 28.44444 2.328146 28.44444 1768.75060 94.872502 327.02955 0.5552068 9.173634
17.61522 44.917646 1.5244560 2.648883 4.827595 5.085029 4.919844 2.287097 28.38636 2.287097 28.38636 1145.99056 70.506225 251.04211 0.7159991 7.647094
17.53049 26.792109 1.4315704 2.660927 4.841396 5.519228 4.972946 2.233377 28.43237 2.233377 28.43237 774.16699 52.706587 196.62914 0.8685405 20.391118
17.51451 16.091698 1.3050128 2.585218 4.746163 5.699203 4.923339 2.107985 28.41980 2.107985 28.41980 580.08328 39.729162 166.70359 0.9770139 11.778654
17.45949 13.340369 1.1462463 2.685244 4.884164 5.983688 5.107072 2.147733 28.46645 2.147733 28.46645 464.51942 32.906557 139.60252 1.1385161 7.790828
17.54981 12.281423 0.9806521 2.610108 4.759560 5.934289 5.032159 2.040221 28.43275 2.040221 28.43275 377.43485 27.121423 124.43318 1.2302124 7.892313
17.46626 10.006207 1.0933304 2.650572 4.846957 6.752695 5.189384 2.034609 28.43657 2.034609 28.43657 330.64190 24.918236 113.24519 1.3520333 8.449920
17.46757 10.816890 0.9314316 2.731214 5.003933 6.691538 5.404964 2.049687 28.44214 2.049687 28.44214 285.10459 21.116107 100.66531 1.4978004 7.766216
17.46931 10.715994 0.8125413 2.698388 4.912235 6.556538 5.365887 2.005192 28.46565 2.005192 28.46565 252.22484 19.355723 93.98155 1.5796252 36.055237
17.38315 9.692996 0.7943674 2.713646 4.960084 6.812204 5.470623 1.975434 28.50250 1.975434 28.50250 221.89220 16.807559 83.88278 1.6812202 7.180787
17.43139 10.120225 0.7956631 2.697567 4.929726 7.122249 5.500910 1.940339 28.42585 1.940339 28.42585 204.91252 16.849983 84.69756 1.7660296 37.076875
17.44056 10.735605 0.7152536 2.730183 5.013912 7.058653 5.659001 1.927560 28.46552 1.927560 28.46552 188.36811 13.121598 74.35835 1.8644691 8.597131
17.34026 11.040998 0.7377622 2.752105 5.079725 7.700262 5.805338 1.905706 28.50195 1.905706 28.50195 172.05956 12.262398 69.95533 1.9688254 7.483885
17.33894 11.086524 0.5900161 2.786102 5.145640 7.236679 5.956723 1.902537 28.44230 1.902537 28.44230 162.04727 11.693610 67.57592 2.0701545 7.445735
17.38094 11.663299 0.5760845 2.791022 5.133256 7.253335 6.001174 1.900121 28.42025 1.900121 28.42025 153.81350 11.780259 64.43229 2.1425564 7.752875
17.30164 11.591197 0.5568120 2.737341 5.028603 7.479869 5.925666 1.835028 28.48456 1.835028 28.48456 142.30700 11.403708 61.53100 2.1958457 7.042039
17.27653 11.133787 0.5106465 2.763611 5.130015 7.441370 6.153053 1.824552 28.48730 1.824552 28.48730 134.46088 10.894859 60.98652 2.2999709 6.081684
17.23332 12.217074 0.4811525 2.810475 5.210531 7.418624 6.320353 1.839467 28.50363 1.839467 28.50363 125.69120 9.591934 55.56618 2.3929633 12.942051
17.31989 12.735685 0.4858938 2.847228 5.281557 7.842725 6.444017 1.838851 28.45223 1.838851 28.45223 122.65812 9.100507 53.34365 2.4827121 6.730021
17.26399 12.576468 0.4519994 2.792796 5.187055 7.773034 6.446310 1.789466 28.47170 1.789466 28.47170 115.48623 9.253019 52.79468 2.5224666 9.309322
17.32888 12.426957 0.4155741 2.788826 5.209974 7.528534 6.528852 1.761633 28.45580 1.761633 28.45580 113.37515 9.191000 52.84953 2.5620748 6.428734
17.29494 12.445692 0.4323458 2.832575 5.292431 8.055108 6.697283 1.786159 28.45233 1.786159 28.45233 109.71724 8.618223 50.67000 2.6395225 26.027562
17.15809 12.840637 0.3287849 2.808533 5.195950 7.078592 6.617238 1.758176 28.49503 1.758176 28.49503 104.16740 8.096940 46.69051 2.7111768 5.571855
17.27431 12.755583 0.3287400 2.772443 5.120004 7.160696 6.507491 1.732188 28.42851 1.732188 28.42851 103.36493 8.671723 48.17492 2.6938510 6.598468
17.29447 13.498487 0.3889031 2.861630 5.339960 8.353837 6.990005 1.764603 28.42813 1.764603 28.42813 98.54872 8.098123 44.92970 2.8331225 6.401963
17.25090 13.436034 0.3361342 2.771088 5.142985 7.499669 6.739939 1.716379 28.48138 1.716379 28.48138 97.69228 8.114190 46.05481 2.7890991 6.743854
17.21905 13.330602 0.3348621 2.766614 5.150505 8.038996 6.837896 1.683629 28.42942 1.683629 28.42942 91.14504 7.605806 42.88729 2.8944673 7.334186
17.31646 13.205478 0.3508454 2.774912 5.188359 8.513462 6.942463 1.660360 28.43603 1.660360 28.43603 88.64790 7.706158 45.68117 2.9295510 5.820605
17.38593 44.067148 0.8173027 2.730391 5.026199 6.852846 5.825649 1.956394 28.45364 1.956394 28.45364 861.98913 37.130176 136.32574 1.8648369 10.755636




===========================

n = 8

incompl = 4%
4.708223 341.393401 0.9045843 2.807887 4.914656 4.837580 4.920770 2.698775 6.092439 2.698775 6.092439 4204.55060 122.405188 572.75401 0.2204464 6.183729
4.693705 116.633297 0.8396022 2.792599 4.863041 4.626731 4.884920 2.597242 6.015941 2.597242 6.015941 1227.22629 59.166550 306.86739 0.4138815 6.998884
4.769791 61.332941 0.7815285 2.938723 5.138018 4.733114 5.184662 2.652844 6.022846 2.652844 6.022846 636.50748 33.603218 204.71797 0.6052294 6.093368
4.686124 27.512441 0.7134882 2.856419 4.959247 4.580649 5.035582 2.500312 5.978585 2.500312 5.978585 349.77025 22.933005 151.98696 0.7893370 6.027674
4.716265 19.015259 0.8010704 2.927486 5.118572 4.614040 5.232788 2.506229 5.927174 2.506229 5.927174 249.93809 16.762784 125.74441 0.9386802 10.990555
4.719979 9.603824 0.6000333 2.842109 4.965762 4.623324 5.121827 2.363050 5.920076 2.363050 5.920076 168.96628 12.644880 101.05296 1.0935231 5.001843
4.616961 11.457495 0.5772823 2.837818 4.969593 4.693255 5.159709 2.328654 5.966057 2.328654 5.966057 153.74456 11.663303 88.30407 1.2015075 9.539689
4.682988 8.818934 0.5645603 2.923223 5.056825 4.836757 5.279838 2.371365 5.955755 2.371365 5.955755 125.72117 10.910104 80.91830 1.3521098 7.123116
4.731252 9.070340 0.5440968 2.830449 5.020340 4.862514 5.297359 2.235963 5.920739 2.235963 5.920739 106.79195 9.953486 74.18072 1.4250217 5.026465
4.728184 7.467969 0.5359156 2.892336 5.088817 4.860873 5.423962 2.239096 5.904066 2.239096 5.904066 94.51525 8.549108 65.25439 1.5938371 4.630283
4.738617 6.659052 0.4972599 2.939938 5.203437 5.042445 5.592600 2.242628 5.894240 2.242628 5.894240 86.03066 8.521880 61.39890 1.6948316 4.527603
4.713807 6.512741 0.4636006 2.923215 5.175037 5.206856 5.595050 2.181215 5.874834 2.181215 5.874834 75.42991 8.029551 63.08495 1.8092387 7.036243
4.666415 5.577217 0.4349830 2.817773 4.991801 5.032592 5.444756 2.094660 5.878283 2.094660 5.878283 68.05608 6.990325 55.48676 1.8418955 4.603561
4.675072 5.267310 0.4438194 2.951354 5.234355 5.419910 5.786683 2.138316 5.905802 2.138316 5.905802 62.91925 6.644830 50.96724 2.0339712 4.215622
4.669160 5.811937 0.3650846 2.893021 5.155841 5.118227 5.765793 2.067855 5.902136 2.067855 5.902136 53.15156 6.395736 48.94345 2.1150014 5.003770
4.650346 5.386898 0.3590866 2.835678 5.067461 5.236821 5.684380 2.027543 5.844510 2.027543 5.844510 55.19035 6.490501 49.13264 2.1045998 4.301181
4.610526 4.965814 0.3608154 2.937987 5.143472 5.243706 5.787701 2.089499 5.880802 2.089499 5.880802 47.80755 5.996463 46.50893 2.2376171 10.273152
4.736290 5.653635 0.3578708 2.930552 5.259852 5.280025 5.990979 2.054393 5.872388 2.054393 5.872388 49.27286 6.272888 47.72947 2.2479980 7.540273
4.700641 5.281451 0.3814594 2.947034 5.178886 5.508708 5.913239 2.085286 5.859332 2.085286 5.859332 47.29041 6.170745 45.34568 2.3508889 3.885056
4.742123 4.958116 0.3607112 3.049344 5.348437 5.585710 6.160882 2.110214 5.855410 2.110214 5.855410 44.75328 5.772066 41.75825 2.5060128 3.696765
4.744130 5.692976 0.2889931 2.917395 5.173052 5.341193 6.058445 2.000937 5.824865 2.000937 5.824865 39.99820 5.576848 40.19383 2.5383571 4.830345
4.686957 4.832325 0.2551505 2.915080 5.095250 5.314812 5.947231 2.009936 5.838755 2.009936 5.838755 42.98116 5.729995 41.17252 2.5616723 3.560949
4.624040 4.855607 0.3002772 2.870114 5.074187 5.358949 6.025165 1.945797 5.860968 1.945797 5.860968 36.41950 5.208460 37.70509 2.6056502 7.476038
4.720297 4.792614 0.2810629 2.875183 5.055183 5.424085 6.060260 1.952099 5.807676 1.952099 5.807676 36.63604 5.315080 37.76591 2.6787179 4.359272
4.641730 4.778433 0.3016088 2.873348 5.083403 5.547995 6.115164 1.905157 5.846783 1.905157 5.846783 34.24853 5.308659 37.68161 2.7217244 3.381829
4.702414 4.802293 0.2795058 2.884443 5.142063 5.604279 6.219299 1.901546 5.829756 1.901546 5.829756 34.49099 4.884655 36.13860 2.7441145 11.540846
4.750045 4.868085 0.2904728 2.844467 4.998058 5.481004 6.104275 1.901559 5.813088 1.901559 5.813088 35.92124 5.367212 37.16319 2.8238106 4.440789
4.739168 4.538131 0.2759796 2.956060 5.217684 5.622433 6.425880 1.909347 5.826536 1.909347 5.826536 31.42350 4.716211 32.83206 3.0190456 4.504274
4.631508 4.603231 0.2257866 2.828707 4.964348 5.536838 6.190873 1.844092 5.828298 1.844092 5.828298 30.28766 4.899445 32.45266 2.9829051 7.161931
4.729142 4.700831 0.2693884 2.919515 5.213076 5.930031 6.557363 1.849748 5.807577 1.849748 5.807577 30.63070 4.720055 31.42960 3.0952094 3.309683
4.697530 23.894820 0.4551693 2.891975 5.095658 5.170182 5.698914 2.160179 5.891857 2.160179 5.891857 275.35571 14.253441 88.22242 1.9448945 5.908826


incompl = 7%


incompl = 14%



incompl = 25%
33.19229 2109.48894 9.059029 9.699273 17.27854 16.97640 17.30128 9.321404 56.47745 9.321404 56.47745 30615.4597 595.64102 1239.45844 0.7425369 36.68782
33.44468 475.18900 8.626875 9.704361 17.25093 16.36629 17.33329 9.005411 56.45878 9.005411 56.45878 8080.8653 253.91243 617.76926 1.4250088 31.51567
33.30830 265.88026 7.357001 9.692413 17.19042 16.00201 17.36200 8.728853 56.39286 8.728853 56.39286 4228.3705 177.94212 424.39785 2.0470186 21.65527
33.32454 158.27239 7.217613 9.723102 17.34177 15.89056 17.64589 8.501270 56.48161 8.501270 56.48161 2507.3017 125.55224 311.15292 2.6586408 64.96922
33.30238 92.62567 6.462734 10.375287 18.39508 17.13117 18.82055 8.856389 56.57576 8.856389 56.57576 1886.6287 102.73505 260.16986 3.3122736 25.06026
33.24666 75.22691 6.338207 9.853709 17.62034 17.63783 18.21902 8.168865 56.57614 8.168865 56.57614 1370.1872 76.11231 218.32877 3.7374799 771.97728
33.17697 60.69909 5.945728 10.021989 17.94450 18.12964 18.67732 8.150632 56.63772 8.150632 56.63772 1039.4760 68.53945 192.15935 4.1985609 22.11085
33.11107 43.43230 5.953974 9.962317 17.90086 19.76206 18.82931 7.919819 56.75536 7.919819 56.75536 902.2386 56.52716 167.20870 4.6122303 33.16182
32.83977 33.00744 5.310555 10.114426 18.08401 19.90312 19.22589 7.889892 56.83962 7.889892 56.83962 717.9362 43.02652 142.02380 5.1947271 37.45654
33.05061 33.77386 5.309962 9.947673 18.07681 20.76150 19.44340 7.607139 56.83892 7.607139 56.83892 689.9837 45.87861 138.46323 5.4919208 50.59249
33.04854 30.89891 5.194863 10.201573 18.50512 22.01179 20.07800 7.738523 56.60146 7.738523 56.60146 601.2647 40.87946 129.57663 5.8412158 35.97941
32.84769 32.55645 4.774821 9.865112 17.72445 21.97353 19.44230 7.352059 56.77084 7.352059 56.77084 538.1005 39.52382 123.23527 6.1805194 31.10292
32.97618 27.86182 4.501388 9.912262 17.88323 22.46920 19.82829 7.310464 56.89582 7.310464 56.89582 489.6871 32.92374 112.49193 6.4536356 476.82453
32.88414 23.79445 4.413885 10.275493 18.72070 22.86193 20.90797 7.402721 56.81428 7.402721 56.81428 443.9254 32.86381 106.05505 6.9366482 23.87720
32.88267 24.46304 4.328414 9.838838 17.77936 23.59298 20.00688 7.125329 56.75228 7.125329 56.75228 415.8602 30.07505 103.98825 6.9513165 64.37497
32.98974 24.87520 4.103548 10.221790 18.42252 23.31970 20.83403 7.317230 56.63388 7.317230 56.63388 391.4764 28.04859 100.22312 7.3733641 23.41877
32.73629 22.06988 3.706520 10.226372 18.46844 23.88127 21.21137 7.146068 56.94100 7.146068 56.94100 346.3604 24.33213 88.88597 7.9492426 38.70743
32.60403 23.08988 3.399346 10.006248 18.11764 22.60223 20.99144 6.963123 56.90342 6.963123 56.90342 329.7783 24.09119 87.42358 7.9538146 41.40443
32.76402 23.46907 3.742350 10.191499 18.26128 24.33537 21.19346 7.049746 56.95782 7.049746 56.95782 356.9608 26.95676 88.36740 8.2854599 33.19116
32.66614 23.32773 3.289556 10.256178 18.41549 24.67690 21.71254 6.993475 56.91708 6.993475 56.91708 294.2774 20.29531 76.81522 8.7649978 101.34360
32.58074 23.57183 3.291970 10.212496 18.37964 24.43781 21.84394 6.849204 56.85712 6.849204 56.85712 270.5383 20.26725 78.67645 8.9105299 71.84635
32.52263 23.39567 2.950729 10.043294 17.92317 23.39311 21.45143 6.787130 56.89682 6.787130 56.89682 272.5025 21.32728 76.57949 9.1037062 23.82920
32.56072 25.40214 3.162337 10.229122 18.93684 25.90490 23.21730 6.682537 56.86472 6.682537 56.86472 279.7570 21.34741 79.05033 9.2949119 18.30580
32.46006 24.29363 2.954072 10.118106 18.12227 26.30653 22.28945 6.681889 56.97942 6.681889 56.97942 250.9626 19.15413 66.26784 9.7041948 22.15103
32.64763 22.06863 3.034471 9.864750 17.97043 26.36978 22.32335 6.444071 56.78657 6.444071 56.78657 251.6178 19.22059 72.81933 9.4437883 29.92345
32.62700 24.66256 2.908932 9.787588 17.86770 25.84135 22.24995 6.310703 56.75074 6.310703 56.75074 243.5230 18.25764 71.70569 9.6544697 19.05205
32.51967 22.86394 2.835014 9.893925 18.01440 26.57670 22.60283 6.392252 56.76749 6.392252 56.76749 230.9322 17.26053 67.25401 9.7745381 17.80782
32.66746 21.79153 2.849800 9.755893 17.60910 26.98994 22.10318 6.404761 56.81619 6.404761 56.81619 251.0711 21.39681 74.45622 9.6846148 20.58747
32.52595 23.53771 2.616674 10.309261 18.70641 27.63487 24.17909 6.580373 57.03408 6.580373 57.03408 212.4516 16.02750 61.00144 10.7373039 42.37279
32.66947 23.03300 2.458815 10.246853 18.68807 26.57430 24.15546 6.400197 56.81323 6.400197 56.81323 209.3813 16.55919 58.75061 10.9150695 952.83285
32.87260 127.95410 4.603306 10.018373 18.05332 22.34383 20.51601 7.402718 56.75962 7.402718 56.75962 1957.2959 67.88917 181.15853 6.7777913 106.13735


incompl = 50%

